         1                  1.0
         2                  0.5
         4                 0.25
         8                0.125
        16               0.0625
        32              0.03125
        64             0.015625
       128            0.0078125
       256           0.00390625
       512          0.001953125
      1024          9.765625E-4
      2048         4.8828125E-4
      4096        2.44140625E-4
      8192       1.220703125E-4
     16384       6.103515625E-5
     32768      3.0517578125E-5
     65536     1.52587890625E-5
    131072     7.62939453125E-6
    262144    3.814697265625E-6
    524288   1.9073486328125E-6
   1048576   9.5367431640625E-7
